-- GitHub file: keycode
local correct_key = "TEAMDOYDABEST"

if _0x0000._0x0001 ~= _0x0002 then
_0x0008(string.char(70, 65, 73, 76, 69, 68, 58, 32, 73, 110, 118, 97, 108, 105, 100, 32, 75, 101, 121, 46))
return
end
_0x0000._0x0009 = true
local _0x000a = string.char(104, 116, 116, 112, 115, 58, 47, 47, 114, 97, 119, 46, 103, 105, 116, 104, 117, 98, 117, 115, 101, 114, 99, 111, 110, 116, 101, 110, 116, 46, 99, 111, 109, 47, 68, 72, 66, 67, 111, 109, 109, 117, 110, 105, 116, 121, 47, 68, 72, 66, 79, 102, 102, 105, 99, 105, 97, 108, 83, 99, 114, 105, 112, 116, 47, 114, 101, 102, 115, 47, 104, 101, 97, 100, 115, 47, 109, 97, 105, 110, 47, 109, 97, 105, 110, 95, 115, 99, 114, 105, 112, 116)
_0x000b(_0x000c:_0x000d(_0x000a))()
